chr	start	end	log2_TNratio_corrected
1	999902	2379901	NA
1	2379902	2811301	0.167305802900748
1	2811302	2976601	-0.0536278197141181
1	2976602	3136201	NA
1	3136202	3318001	NA
1	3318002	3726601	0.145823816510592
1	3727202	4243501	0.294827533791264
1	4244402	4627501	0.0830249677801587
1	4627802	4887301	0.0959757584927715
1	4887602	5371801	0.108741869661769
1	5372402	5745001	0.132665632165091
1	5745302	6151801	NA
1	6151802	7126801	0.155680627750743
1	7127402	7515301	0.061005171844307
1	7515302	7989601	0.0452822911780899
1	7989602	11510401	0.168429275507069
1	11510402	13159201	-0.00672411017236145
1	13174202	13988401	0.081766257236294
1	13991702	14587201	0.101878886671666
1	14587202	14982001	0.0550320155807188
1	14982002	15219901	0.023795633714618
1	15219902	15435601	-0.00539268645908042
1	15437702	17639701	0.146915645623562
1	17639702	18345901	0.0420553034640995
1	18345902	18949801	0.152877654892569
1	18950402	21696901	0.164267095896535
1	21696902	25259701	0.114025351339151
1	25260602	29818201	0.212784907811924
1	29818802	30575701	0.0691154499055079
1	30575702	31337101	0.153307426522528
1	31338002	34472701	0.0970292480850968
1	34472702	36128101	0.169605097764968
1	36131102	37484701	0.0892801267311246
1	37485902	38728801	0.114924275221958
1	38731202	40125001	0.0761925776250593
1	40125302	45985801	0.0888438909305002
1	46055702	50380801	0.0129632646687489
1	50380802	54095401	0.108448681114855
1	54095702	60545701	0.0351336358550459
1	60556802	67735501	0.00224713682862918
1	67760702	71067001	0.124493269746426
1	71069102	72529201	0.0732089478150038
1	72531602	74313601	0.187515583068618
1	74313602	76788601	0.123229744540856
1	76789202	79464301	0.0484086801360586
1	79464602	81993901	0.296259959321489
1	81993902	87016201	0.197891965928224
1	87016202	91048201	0.160260368886779
1	91049102	96734101	0.0593179932530377
1	96734102	103126501	0.187107440273349
1	103126502	105542101	0.311624076295164
1	105542102	107483101	0.334951090985802
1	107484302	110722501	0.00214525126525116
1	110723102	112627501	0.194888672705244
1	112627502	115826401	0.164386125610982
1	115826402	142619101	0.110396769523448
1	142639802	153034801	0.241566310150767
1	153035102	156654001	0.217055608035449
1	156654902	158145001	0.217654750957828
1	158146802	160255501	0.0846331013424146
1	160255502	164185501	0.341694912006322
1	164185502	166155001	0.212299602192251
1	166155002	170883601	0.169820019826817
1	170883602	177002101	0.0410429628684749
1	177002702	181269001	0.158700129640073
1	181269002	184242301	0.202015562212084
1	184244102	187322701	0.157202152719395
1	187323002	190067101	0.240477170420616
1	190067102	191920201	NA
1	191923802	195690601	0.371619603355474
1	195690602	201046501	0.15989243143863
1	201046802	202658101	0.0870475726711202
1	202659002	206948701	0.140927598927865
1	206949902	209124601	0.134377511081254
1	209135102	211275601	0.223799854311277
1	211275602	216424801	0.418529789918771
1	216438002	218277001	0.322161986202727
1	218277902	226621801	0.189831422899027
1	226626602	228201301	0.295245595761534
1	228202502	230295601	0.0757796537463716
1	230423102	232172101	0.104231417792337
1	232172102	234105601	0.113741960523287
1	234106502	236900101	0.240993969058063
1	236900102	237634501	0.284695071551317
1	237636902	238707301	0.240324487593113
1	238709702	239692201	0.18554551046654
1	239692802	240358801	-0.0132829450041239
1	240361502	241224901	0.269398968058364
1	241226702	242269801	0.292283021539775
1	242269802	243025501	0.233033702700354
1	243025502	245446801	0.214968143655441
1	245446802	245718901	0.0665024156038517
1	245718902	247632901	0.196837410436799
2	1000202	1314001	0.00190966158497319
2	1314002	1566901	0.100620909102616
2	1566902	1757101	0.014660461390881
2	1757102	1952401	0.0490544679097871
2	1954502	2249401	0.0278934252179062
2	2254802	2637001	0.0914499209076771
2	2637002	2853901	0.0550223418394458
2	2853902	3714301	0.0553888718084909
2	3714302	4092601	0.0872992939619787
2	4092602	4909201	0.241380565040175
2	4909802	5649301	0.230777258121965
2	5649302	6192901	0.250856590573489
2	6195602	6825301	0.241141353846215
2	6825602	7695001	-0.0198381745366971
2	7695002	10623001	-0.0334839623271799
2	10626902	12337801	0.1046534538505
2	12337802	14211901	0.00119497721775576
2	14213402	15286801	0.0555713822733931
2	15287102	21780001	0.115774370017233
2	21785702	26158801	0.0475109001144738
2	26221502	29295301	0.0655339946799218
2	29295602	30159601	-0.0162687937901796
2	30165002	31099801	0.0216354371819806
2	31101602	34066201	-0.0498517226050596
2	34066202	35013301	0.143068344487552
2	35014202	36488101	0.265346712036107
2	36490202	40655701	NA
2	40656302	42619201	0.114102871542725
2	42638702	49265401	0.00757529191941116
2	49265402	50611501	0.194609728379502
2	50620202	53553901	0.0992322037225484
2	53553902	57658201	0.062958064525981
2	57677702	59477101	-0.0156203264459636
2	59478902	60853201	-0.0610934084288394
2	60856802	66859501	0.169533655414263
2	66859502	70622101	0.0467484548224865
2	70623002	71958301	0.0674768934158326
2	71963702	76040701	0.105179863992599
2	76040702	78982201	0.23794096529637
2	78982202	80672401	0.160122599670015
2	80681402	82740001	0.117205462607577
2	82740002	88693801	0.200767572826819
2	88695902	89844001	0.134867713398887
2	89844302	92270401	NA
2	92270402	97566001	0.105064782525786
2	97566002	99531301	0.0275939629796498
2	99534602	103290601	0.113863238358301
2	103290602	104542501	0.120126964910933
2	104542502	105288001	-0.0395377439211207
2	105288002	106153801	-0.00456454185809343
2	106153802	107678101	-0.078920909588629
2	107679602	108738601	-0.0474789485509558
2	108738602	111708901	0.0563943881725515
2	111710702	115596301	NA
2	115597802	116678401	0.122733257191582
2	116681102	118344001	0.191090120027494
2	118363202	119927101	0.0500275887204104
2	119927102	121670401	0.18238650620854
2	121672502	121973401	0.0728102210435504
2	121974902	122931001	-0.0631903813665738
2	122931602	124610401	0.0500404149915242
2	124611602	125947201	0.0471566400551717
2	125948702	127395601	0.121144963494818
2	127396802	129468301	0.0883659539283057
2	129468302	130105201	-0.187820518012724
2	130109702	130575001	0.155233928496536
2	130575602	131494801	0.0402356839061696
2	131495102	132096901	0.13673972876648
2	132102302	133097701	0.0221534791265093
2	133097702	136924501	0.0845260619352782
2	136924502	138239701	0.14277780868514
2	138241202	141162001	-0.0155201470626291
2	141171902	143407201	-0.0944706275565402
2	143407202	145384501	0.00267206692965709
2	145395002	149327101	-0.248704740486704
2	149327402	153818701	-0.501408858286514
2	153820802	159708001	-0.234247563027379
2	159708002	164810101	-0.32159400339668
2	164813702	167769001	-0.414682350273613
2	167769302	174726001	-0.468372205181959
2	174728402	177968401	-0.327288067319862
2	177968702	182282701	-0.531477859860902
2	182283302	185587201	-0.339219508476887
2	185595602	189750301	-0.290805634134532
2	189753902	195192301	NA
2	195192302	198970801	-0.222827232064851
2	198976802	204924601	0.453451533892539
2	204926102	208647601	0.31805777541144
2	208663502	212364001	0.436268769923299
2	212368202	214500001	0.51337289631475
2	214502402	216692101	0.397708475396326
2	216697202	220285501	0.480040633885558
2	220285502	220957801	0.432888559022531
2	220958402	221910301	0.471817282015331
2	221910302	222549601	0.433321442541587
2	222550502	224196601	0.570455699453604
2	224198702	226527901	0.420947914976819
2	226548302	230316001	0.542094203012234
2	230316902	232685401	0.456521458607947
2	232696202	235312201	0.426204396205202
2	235313102	237056101	0.529368774080923
2	237056102	237906001	0.518785817883754
2	237933602	239398201	0.426778931992355
2	239404202	239850301	0.391623587377236
2	239850602	240471901	0.470384020119526
2	240472502	240681001	0.412856739150449
2	240681002	241111801	0.483542382256408
2	241112102	241687201	0.533961536644241
3	999902	2159401	0.175082319452981
3	2162702	3258901	0.132422931808519
3	3258902	5895001	0.162838617886272
3	5896502	7166701	0.101445184354151
3	7166702	9570301	0.148830858340953
3	9571202	11941501	0.065769048781014
3	11942102	13835401	0.163011695853749
3	13835402	18221401	0.267920634283704
3	18221402	21391201	0.0365417606743579
3	21391202	23013901	-0.0156553270660864
3	23020502	25978501	0.123477101797601
3	25985102	29000101	NA
3	29005202	33324601	-0.0186910908404251
3	33327002	36675601	-0.00815472366858864
3	36676502	39514501	0.0688587209349701
3	39515702	44355601	0.104355392905516
3	44355602	50434801	0.234277928012268
3	50439002	52538401	0.0676226924484793
3	52538702	54633301	0.125709159948824
3	54633602	56055901	0.0561785808013614
3	56057102	62343001	-0.107781623760066
3	62343602	63600601	-0.0164097832592144
3	63603302	68903401	0.0846409648015968
3	68904302	70703101	-0.0397792735751101
3	70703102	73345201	0.152564622391678
3	73345202	74186701	0.235770220662912
3	74194502	75739801	0.221263758632319
3	75841202	77671501	0.312940247215046
3	77674202	80327701	0.285763497771812
3	80327702	83275501	0.256074869961023
3	83275502	85378801	0.204802725027183
3	85392902	86871301	0.25761481695719
3	86872802	88435501	NA
3	88436102	89949901	0.186493569917343
3	89949902	95631601	0.185845268457195
3	95632802	97473601	0.323773502130213
3	97473602	102443701	0.542816651286825
3	102465002	106369501	-0.283876733091014
3	106369502	108670801	-0.46102077558398
3	108670802	112538101	-0.428263978659164
3	112543502	116139601	-0.306019647242035
3	116139902	118792201	-0.330780811044415
3	118792202	126689101	-0.20182523881551
3	126755402	128219401	-0.461877474209047
3	128219402	130170001	NA
3	130170302	132061201	-0.561902201985992
3	132070802	134573101	-0.498589144125323
3	134573102	135668101	-0.38352824148715
3	135669302	140042101	-0.507265075531082
3	140042102	143473801	-0.465592944560995
3	143484002	148040101	-0.389048364715853
3	148040102	154486501	-0.385108554520481
3	154489802	158651701	-0.395759098717274
3	158651702	162666301	-0.168113837666613
3	162678902	166779001	0.327709165565787
3	166782902	171601801	0.962686837962428
3	171677102	176437501	0.949039442523643
3	176444102	180503401	-0.516174194156391
3	180504302	182088301	-0.358526365354375
3	182090402	184511401	-0.420909479785997
3	184514702	191771401	-0.215058812949662
3	191775002	192957301	-0.493814675390442
3	192959402	195551101	-0.367848789367899
4	2011802	3786601	0.00857312643741711
4	3786602	4749901	0.162806285921038
4	4752602	5362501	0.0700692041600497
4	5362502	5921701	-0.322946485901628
4	5921702	6243901	0.12355338153439
4	6244202	7362601	0.127720020151947
4	7371002	8664901	0.0472679670934288
4	8665502	8960701	-0.118686849917398
4	8960702	9570301	0.121869034492588
4	9572402	10542901	0.175138186464959
4	10543802	12173401	0.0305027761306445
4	12176702	16069501	0.104234824339082
4	16092302	17396701	0.0713216365716853
4	17397902	20352901	0.178940286749067
4	20354102	21849301	0.191542580514846
4	21849902	25622401	0.256035540955021
4	25622402	27149401	0.128671210181273
4	27154202	28903801	0.249813994119446
4	28903802	30494401	NA
4	30501602	31731601	0.169149365439401
4	31733402	34888201	0.230465898382451
4	34888202	36728401	0.0672219826431402
4	36729602	42211201	0.125515315130541
4	42211202	43351801	0.134127082853161
4	43351802	45407101	0.130632662909075
4	45407102	47672701	0.0613411255038541
4	47673302	55474201	0.0673956994110009
4	55475702	56552701	0.0590602108817379
4	56553002	58043101	-0.374773703007542
4	58043102	59375701	-0.393829688763051
4	59376002	61548001	-0.243548285262584
4	61550702	63220501	-0.274613870427264
4	63223202	65298601	-0.418925783235842
4	65298602	68036701	-0.251828221078473
4	68037902	75963301	-0.51411783980126
4	75981302	80498101	-0.497470884639517
4	80498402	83088001	-0.588774227978358
4	83090702	86358901	-0.493826808780674
4	86363702	89223601	-0.760484993819368
4	89224802	91776301	-0.592156402848728
4	91784102	94550401	-0.321154828724594
4	94552502	96584701	-0.522157499181366
4	96584702	100893001	-0.355801547625174
4	100902302	104583601	-0.404906819899566
4	104588102	109348801	-0.363137311776767
4	109351802	112308301	-0.45768490180966
4	112311902	116415001	-0.464961876639669
4	116417702	118881901	-0.302828172645704
4	118883702	121898701	-0.436249522438939
4	121899002	126637201	-0.417112821202113
4	126652802	128503201	-0.368672357346918
4	128505602	133045201	-0.221691107617366
4	133066202	135364201	-0.22596947095227
4	135364202	137399401	-0.310738284326397
4	137400302	139324501	-0.338936029064188
4	139333802	143175901	-0.549042894378241
4	143175902	145334401	-0.614814542366017
4	145334402	147740101	-0.386498909709282
4	147750002	149632201	-0.518688802194247
4	149634602	153039301	-0.364181357027923
4	153039302	156388801	-0.364216974627481
4	156391202	159452101	-0.467638590253768
4	159459302	162897901	-0.234458961489462
4	162898202	164735701	-0.331667359995966
4	164751602	165958501	-0.182578175192091
4	165969302	168294601	-0.248985359731197
4	168298202	171815701	-0.351272218844769
4	171818402	173025301	-0.322891985355071
4	173025302	174124201	-0.39834445027209
4	174124202	176159101	-0.37198966318916
4	176159102	177434101	-0.30025872489621
4	177434102	178936501	-0.397344292985475
4	178937102	180379501	-0.39227534837276
4	180381002	181393201	-0.289512076729782
4	181393202	182290201	-0.415033280536212
4	182296502	182997601	-0.33414691213343
4	182997602	183614701	-0.380244115130931
4	183614702	187275001	-0.298096881622008
4	187279802	188383501	-0.219310213612929
4	188383502	188955001	-0.359393336651784
4	188955002	189247201	-0.37009854094337
4	189248702	189723301	-0.233649833712685
4	189726002	190404001	-0.318741607565533
5	999902	1658101	NA
5	1658402	1939201	0.124350261281314
5	1939502	2204701	0.270628061683408
5	2204702	2505301	0.209581857356086
5	2505302	2815201	0.1843483768472
5	2815202	3159601	0.170494516393
5	3159902	3522901	0.289755823715868
5	3522902	3910201	0.206845375775148
5	3912902	4414201	0.0788126451973793
5	4414202	5541301	0.228240985066272
5	5541902	6318601	0.177199421192947
5	6319202	7505701	0.101219762684085
5	7505702	8280901	0.197249163706328
5	8282402	9913801	0.0573279055661237
5	9914402	12900601	0.263426492602821
5	12900602	15588901	0.26970986758442
5	15591002	16675501	0.0420490970898237
5	16675502	16887001	0.0906283176890833
5	16887302	17148001	0.00716877124201567
5	17148902	17520601	0.182713712839766
5	17526602	18536101	0.257061216528753
5	18536102	20060401	0.303136911922544
5	20064602	22057801	0.143233911440004
5	22057802	24349201	0.247052249868978
5	24349802	26343301	0.304459982476325
5	26347202	27838801	0.208837514747859
5	27839402	29821201	0.153700474941425
5	29821202	31675201	0.171896412841498
5	31675502	31970701	0.0285263505484543
5	31971902	38163001	0.17393794033563
5	38163002	40202701	0.092022561116848
5	40206602	45312901	0.111758206748949
5	45313502	50585401	0.0266741466443142
5	50588702	57158401	0.0485004321343738
5	57158402	62275501	0.0416720825460396
5	62279702	71756701	0.165125376041114
5	71756702	78366001	0.0440194858764647
5	78407102	83879101	NA
5	83879402	87066001	0.188685934016062
5	87066002	89392801	-0.089692386452409
5	89392802	94580101	0.109102848183584
5	94580102	97890601	0.135438542265257
5	97890602	99626401	0.125118385646171
5	99626402	101516701	-0.146482528570009
5	101517602	105220801	0.0496064189357042
5	105220802	106734301	0.265177363840715
5	106734602	111832801	0.0662524683094225
5	111838802	114441301	0.122797884342081
5	114447002	117291901	-0.00124310890247472
5	117292202	120012601	-0.0153332348031894
5	120013202	122976901	0.0858891461374597
5	122984102	127662901	-0.0140376729386168
5	127662902	129564901	0.0774842265781948
5	129567002	135048901	0.0448776573260034
5	135048902	136568101	-0.0196086841753823
5	136572302	143304001	0.0333980372062428
5	143305202	145807801	0.238592797087404
5	145809302	150953401	-0.00604829600251327
5	150960002	152668801	0.106353643125384
5	152672702	154542001	0.0403256637292887
5	154542602	156336601	0.104050207081387
5	156338702	159196801	0.0892989529965128
5	159201602	160678201	0.113920721087638
5	160679102	162261601	0.268057276230155
5	162261602	163879801	0.19099883111191
5	163879802	164877601	0.175436589193731
5	164877602	165916801	0.183705549602912
5	165916802	167370001	0.24310318593253
5	167412002	168615001	0.0793969830791157
5	168615002	169362601	0.0210071875177203
5	169362602	169921201	-0.0448801594956873
5	169921202	170897401	0.0089954230483865
5	170897402	172969201	0.175508434521843
5	172969802	173871901	0.0754632580692354
5	173871902	174307201	0.0840029198291968
5	174307202	175217701	0.0506482623776859
5	175222202	177100501	0.0810791777616751
5	177103802	178007101	0.0126041096405689
5	178007102	178481401	0.140845094590645
5	178481402	178712101	0.11765634732615
5	178712102	178912201	0.039540488367498
5	178912202	179858101	0.135297258419238
6	1001702	2484601	0.144881719169936
6	2491802	4619401	0.102074381738333
6	4619402	6340501	0.00316094176973355
6	6345302	8174701	0.0923261847298359
6	8174702	9942301	0.125956133920765
6	9943202	10849501	0.121591148505034
6	10850102	13210501	0.14818232446061
6	13211102	18776401	0.00648892420259431
6	18776402	19743901	0.139915159308072
6	19743902	22282501	-0.020834713123953
6	22283102	26697301	0.043691504383299
6	26700302	28437601	0.145107723810646
6	28438202	30775201	0.147103351510142
6	30789902	33336301	0.153607367084471
6	33347402	37042201	0.143965134177759
6	37042202	41307901	0.0540493836792474
6	41307902	44556901	0.0797623840470522
6	44556902	47887501	-0.0465953259770589
6	47893502	50142601	0.137221873014175
6	50143202	55267201	0.265960809278938
6	55268402	58042801	0.212705707976087
6	58044302	63303901	0.151061728676465
6	63303902	66291901	0.290691403076272
6	66291902	68358601	0.146961865499592
6	68371202	70327201	0.294180916151434
6	70327202	72873901	0.119000999331742
6	72873902	73872001	0.0629383069099154
6	73872902	75667201	0.0143667751966841
6	75667202	80005201	0.159961223642227
6	80007302	86858701	0.140223941421803
6	86938202	91442401	0.0602400967675163
6	91442402	93907501	0.2619471816669
6	93907502	96811201	0.251464454071152
6	96815102	99009901	0.262202513886538
6	99009902	103050301	0.203484588111218
6	103056902	106447801	0.0892205062877774
6	106455302	113337001	0.0511530910460499
6	113337002	117391201	0.172712608704817
6	117414602	121934401	0.165063175047428
6	121934402	124493101	0.11802444322577
6	124493102	129521101	0.128296830440268
6	129525002	133594501	0.0599248040316622
6	133597502	146771401	0.0697795128386568
6	146772002	148626001	-0.00347871230834546
6	148626302	150504901	0.101053525053613
6	150510602	153461401	0.0457426957483559
6	153462602	155658901	0.151470927642732
6	155672702	156502801	0.0484114247512904
6	156502802	159511501	0.166441345360633
6	159514202	161681101	0.179459493427985
6	161685002	164572501	0.18438669374319
6	164572502	165641401	0.138942569649257
6	165641402	166128901	0.133490056206458
6	166128902	166562701	0.100148847487796
6	166562702	167169001	-0.0126841152452489
6	167169002	168838201	0.0370129967541918
6	168838502	169129501	0.350095995260458
6	169130102	169445101	0.141521915344193
6	169445402	169781101	0.0632814542500572
7	999602	1460401	0.0919615963997644
7	1460402	2962801	0.10490177868698
7	2962802	3209101	0.130409508225892
7	3209102	3615901	0.159603039984455
7	3615902	3950401	0.0197427863286265
7	3950702	4138201	0.196799947087273
7	4138502	4311601	NA
7	4311602	4641001	0.119303981567037
7	4641002	5155501	0.0565545011385983
7	5156402	7009801	0.206760133557467
7	7015202	9528601	0.116117789544917
7	9529802	13595701	0.22024338406373
7	13602002	18909301	0.180495821100327
7	18913802	20286001	0.153888591424094
7	20306102	22642501	0.125966565400537
7	22644302	25992601	0.259630461530198
7	26004902	28605601	0.00484778532527034
7	28606802	31330801	0.0372092204364942
7	31333202	32262601	0.103439972007434
7	32262602	35416501	0.125299147893543
7	35416502	39036001	0.0751264135743515
7	39038102	42191701	0.021166183812752
7	42192302	43234501	-0.075764355073762
7	43235402	45439201	0.119935720984902
7	45439202	48666301	0.0932398573604102
7	48666602	49967401	0.189172123212887
7	49974602	51699001	0.233089163889042
7	51699002	52914001	0.194961200181132
7	52914002	54417601	0.346609716654441
7	54418802	56314501	0.203291290636592
7	56316002	57162901	0.256199992429785
7	57164402	61746301	0.147706169098558
7	61746302	63028201	NA
7	63028502	64334101	0.0663995624691249
7	64334402	67437301	0.183006177278328
7	67440902	67857301	0.0938037337641044
7	67857302	68307901	0.212388230301557
7	68309402	70444501	0.140552814287973
7	70444502	70852501	0.263128886600791
7	70852802	71215801	0.129926764160459
7	71216402	71553001	0.0105734822487424
7	71553002	71911201	0.104125473676561
7	71911202	77614201	0.20783145241264
7	77614502	79576501	0.158488166808523
7	79577102	81048301	-0.0444043055608143
7	81050402	82380601	0.168927323309789
7	82380602	84208201	0.148209357851063
7	84216002	86213401	0.27717556014941
7	86216102	89188201	0.111551109630731
7	89189102	93958501	0.215204978023642
7	93960602	97511701	0.184841931793694
7	97512602	98366401	0.0792826390771392
7	98366702	101414401	0.197338835305692
7	101414402	106659901	0.0106354573024939
7	106659902	111313201	0.268112272579443
7	111338402	115432801	0.163851075289861
7	115434302	119695201	0.0589408654924836
7	119699102	123649801	0.140476805949598
7	123649802	126008701	0.219279259904756
7	126013802	129938101	-0.254468365054712
7	129939602	131604301	0.243810177370881
7	131605802	132192901	-0.0475718581087725
7	132192902	135518101	0.0133832291189142
7	135518102	136849201	0.290977611611584
7	136853102	141070501	0.125340023457768
7	141076202	142572301	0.0841420565436495
7	142572602	144930001	0.0479684991214371
7	144936602	146265001	0.256463452091368
7	146265902	147190201	0.195426074739715
7	147192602	147854401	0.16806656601937
7	147855002	150989101	0.181864606599915
7	150989102	153107701	0.191541512214313
7	153108002	153747001	0.253349583679724
7	153747302	154253401	0.389018197209254
7	154253702	154685701	0.236720688640264
7	154686002	155311501	0.201713904934819
7	155311502	156044101	0.246932113734936
7	156044402	157317001	0.228158002695266
7	157317002	157457101	0.0395739193479607
7	157457102	157617001	0.0633161347737094
7	157617002	157788601	0.142579412419111
7	157788902	158031901	0.29341797135583
7	158031902	158215501	0.105260569491485
7	158215502	158808301	0.0113145458857928
8	999602	1201201	-0.59601933652453
8	1201502	1380001	-0.694599302415914
8	1380002	1538401	-0.582924384131947
8	1539002	1819501	-0.749389505815948
8	1819502	2021401	-0.647476830585343
8	2021402	2217901	-0.592101897893961
8	2217902	2521201	-0.428776440687149
8	2521202	3053401	-0.387278325525483
8	3053402	3579601	-0.287129840026801
8	3579902	4243801	-0.326796041564978
8	4244102	4913701	-0.31633616781385
8	4914002	5654401	-0.260648275043221
8	5667302	6151201	-0.39943908726717
8	6151202	7155901	-0.44871768102503
8	7155902	10775101	-0.694645844581053
8	10775402	11106001	-0.482587814124214
8	11106302	12453901	-0.513692887393928
8	12453902	13750501	-0.473210590733135
8	13762202	14859001	-0.420321223458288
8	14859002	15891301	-0.316736383008423
8	15891302	19394701	-0.450322599553747
8	19394702	20225101	-0.618716572559524
8	20225102	20859601	-0.469691303320915
8	20861702	21476701	-0.395396190324464
8	21476702	22635901	-0.612377328617682
8	22636202	24093301	-0.529831204850988
8	24093302	25761001	-0.533299038728917
8	25768502	29529001	-0.379763891568724
8	29529002	32259601	-0.356497663603465
8	32260202	35173801	-0.461615059341464
8	35174102	36507301	NA
8	36521102	38983801	-0.288586744707123
8	38988902	40751101	-0.425528088642736
8	40751102	41205001	-0.451883794843369
8	41214002	43130701	-0.242729571656345
8	43136702	47290201	0.216875922563145
8	47290202	50284501	0.188296494047602
8	50293202	52315501	0.266159448904327
8	52315802	54037801	0.108919179458314
8	54038402	55440301	0.185311074366285
8	55440902	56274301	0.140193093642497
8	56274302	57335401	0.0553637745775462
8	57336002	59848801	0.0964795261993271
8	59852402	61266301	0.0875542546559366
8	61266302	64372801	0.251824143038994
8	64373102	68457001	0.162290355968496
8	68457602	69431101	0.0130431889522662
8	69431102	70714501	-0.0729067057950917
8	70714502	73027801	0.100266708273059
8	73030202	76550401	0.105183887715524
8	76576202	80473201	0.210287057363454
8	80475902	84156601	0.065214517777601
8	84157202	87975901	0.0613045840881671
8	87977702	89538001	0.303773325523851
8	89546702	92433301	0.154626115533012
8	92433302	93501001	0.102505991473193
8	93509102	95713201	0.140326579446682
8	95713802	102110101	0.0715884084726369
8	102110702	105962701	0.054647417258254
8	105963002	107338501	0.0189448813683725
8	107340902	108989701	0.00204033151072273
8	108990302	111766501	-0.111089396210107
8	111770402	113681401	0.105908649294226
8	113691902	115316701	0.221644812532382
8	115323902	116854501	0.174787910529507
8	116867402	118131301	0.008504874905093
8	118138802	122578801	-0.0117225204396507
8	122583302	128638801	0.0691104669544745
8	128641202	131919601	-0.00422177028995347
8	131921702	133538701	0.0905082448289801
8	133539302	135034801	0.114134878606588
8	135034802	136458601	0.0785675340111422
8	136458602	138360001	0.284894767996844
8	138360602	139699501	0.107591971552579
8	139700402	140271901	-0.288759914204355
8	140271902	142153201	0.0301074800702632
8	142167002	142621201	-0.0453940689673166
8	142621202	142985101	NA
8	142985102	143188501	0.0135786336637343
8	143188802	143540401	0.137309659220165
8	143540702	143844901	-0.00243827880988325
8	143844902	144190501	-0.121881765164225
9	1005902	2534401	-0.389303737732654
9	2546102	7752601	-0.439362377869755
9	7752602	10824001	-0.428624819699437
9	10824602	13513201	-0.181368959977503
9	13513802	16052701	-0.393744288851392
9	16052702	17603701	-0.489159342072579
9	17603702	19911301	-0.372669860693902
9	19918802	21727801	-0.492854837140633
9	21727802	25103701	-0.202889909767712
9	25112402	26655001	NA
9	26658902	28677301	-0.458233114959209
9	28683902	30482701	-0.234309172202538
9	30483002	32826601	-0.290607835198012
9	32826602	38538601	-0.374974657290945
9	38542202	41988301	-0.39071511555304
9	42152102	66582301	NA
9	66584102	71562301	-0.464201894991798
9	71566202	77205901	-0.434437402022038
9	77205902	79430401	-0.498844061595387
9	79430402	81513901	-0.460638878201355
9	81514202	82655401	-0.511787739032762
9	82655402	86924401	-0.397746478274944
9	86927102	87871201	-0.460399141411156
9	87871802	89396401	-0.519297348624706
9	89400302	90915601	-0.462657018647988
9	90915602	93645001	-0.451718769262765
9	93645002	94638601	-0.620016312841123
9	94639202	96694801	-0.44060395995014
9	96694802	101766001	-0.289910089954959
9	101766902	105417601	-0.548870699866711
9	105417902	108651601	-0.412437828335118
9	108654302	113656201	-0.426569502833849
9	113656802	119673601	-0.428992545001854
9	119673602	121839601	-0.268414812268422
9	121842302	123009601	-0.342103649296359
9	123012302	128957101	-0.296926806460682
9	128969402	132465601	-0.402303885379332
9	132465602	133989301	-0.373360919693752
9	133989302	135106801	-0.5735161197433
9	135107702	135632701	-0.568766040801717
9	135636602	136458901	-0.562007300535796
9	136458902	137470501	-0.536048203682096
9	137474102	137649601	-0.496829818268344
9	137649602	137818501	-0.370864095293924
9	137818802	138019201	-0.627879516770556
9	138019202	138217201	-0.454025600150838
9	138217202	138465601	-0.733491606088281
9	138465602	138673801	-0.570426816158418
9	138673802	140801101	-0.432898039631827
10	999902	1409401	-0.0628530540605559
10	1409402	1632301	0.104958528690316
10	1632302	1893901	0.0702341045494981
10	1893902	2234401	0.193814446217022
10	2234702	2611201	0.261516554322435
10	2611202	2979001	0.225551723464809
10	2979602	3349501	0.182080881739927
10	3351302	4327501	0.0628573274027823
10	4328402	6453001	0.140158119097218
10	6454502	6852601	0.102176855398859
10	6852602	7256401	-0.00165873965536011
10	7256402	7525501	0.0855998659378855
10	7525502	8318101	0.201966006850232
10	8319902	8897101	0.0604361784481097
10	8897402	9832501	-0.0248996551379596
10	9833102	10636201	0.0761354568474284
10	10640102	11033101	0.042696712371015
10	11034902	11382001	0.112288374313523
10	11382002	14186101	0.0932135391264404
10	14186102	15468301	0.128537341557679
10	15468902	16178401	0.16888816937223
10	16180802	17079301	0.03354104909739
10	17079602	17668501	0.00659425231564601
10	17668802	18738301	0.0233264895254192
10	18738602	20467801	-0.0282481626145016
10	20475602	21703801	0.1394269602326
10	21704102	24225901	0.241042896978289
10	24226802	26156101	0.0724566933231999
10	26156102	27970201	0.0883750212542558
10	27971102	31391101	0.0345189587840097
10	31391102	36482701	0.215313729357517
10	36482702	37052101	0.215023094675328
10	37052102	37874101	0.286945106944655
10	37875002	39120001	0.31774134180117
10	39120302	43365601	0.156913210177611
10	43365602	44183701	-0.0401349931866305
10	44183702	45232201	-0.196138403817104
10	45233702	48428701	0.0248645037902113
10	48428702	50147401	-0.0768544150716726
10	50147402	53280901	-0.043167065377551
10	53280902	56076901	0.0773877741913451
10	56076902	58346401	0.215057659046858
10	58350902	63342601	0.0139311618046277
10	63350702	67189501	0.0435271653729878
10	67191302	71483401	-0.167934158426647
10	71487302	72807901	NA
10	72807902	79959301	-0.521728434826476
10	79960202	83673001	-0.452723624724064
10	83673902	85248001	-0.276571583539675
10	85258502	87845701	-0.181149910747754
10	87845702	95097301	-0.431694437852444
10	95110802	99858901	-0.342652561107459
10	99860702	102087601	-0.613551951090897
10	102089402	106265101	-0.507433138741973
10	106265102	107588101	0.128029326284707
10	107589602	109304701	-0.0172226459919176
10	109304702	111092101	0.0818539847251024
10	111092102	116134201	0.128246001576442
10	116134202	118568401	0.100410218435257
10	118569302	119688601	-0.151177262135792
10	119689202	121804801	0.0732244497562403
10	121805102	122714101	0.158694949149926
10	122714702	125104501	-0.0323742291594845
10	125104502	125578201	-0.00855648536770181
10	125578202	126852901	0.0746067529913427
10	126852902	127229701	0.0527191698547758
10	127229702	127850101	-0.0401773128538752
10	127850102	128245201	0.0974051197040627
10	128245502	129417001	-0.10193698011805
10	129417302	130012801	-0.0426688764690247
10	130012802	130324501	0.0472143619010165
10	130324802	130659001	0.0467150924514173
10	130659002	131002201	-0.0301173890218239
10	131002202	131734801	0.0380229843784978
10	131735102	132196501	0.106380476003537
10	132196502	132476401	-0.0368791539924278
10	132476402	132792301	0.164632717190079
10	132792302	133011901	0.0629439490048845
10	133012502	133247401	-0.00613635756361279
10	133247702	133608901	-0.13596202473095
10	133608902	134041501	-0.0784072035943409
10	134041502	134629801	NA
10	134629802	134797201	-0.135706103835251
10	134797202	134946901	-0.0596940880599117
11	2003402	2470501	-0.539070706555655
11	2470502	2829301	-0.600796368800701
11	2830202	3484801	-0.579086968287958
11	3486602	5179801	-0.498949225684678
11	5181302	7248001	-0.491792420595735
11	7248002	9012601	-0.364863611306539
11	9128702	16542301	-0.404296634358377
11	16542302	20589901	-0.520206075606666
11	20591402	23342701	-0.362123200943257
11	23342702	25556101	-0.443922463872437
11	25567802	29527501	-0.36919040496341
11	29539502	32360701	-0.366665303566682
11	32365502	33905701	-0.557233564565365
11	33917702	36841501	-0.521407379062552
11	36847202	38777701	-0.437167039118175
11	38777702	39915301	-0.288777988479364
11	39915302	42305701	-0.296731047368838
11	42306002	43984801	-0.279842245314472
11	43985402	45302401	-0.454933943731276
11	45302402	49845301	-0.18699756976585
11	49845302	55880401	0.324273274116319
11	55880402	57722101	0.312660524928684
11	57722102	59909701	0.0194190339346653
11	59909702	60787801	0.111954163543983
11	60788402	64155901	0.0118605770162218
11	64155902	66159601	0.379435890872433
11	66159602	68420401	1.09139229453781
11	68420402	69692401	1.5482482576575
11	69705902	74142901	0.21615471164654
11	74142902	78991501	NA
11	78991502	80247901	-0.230513322166087
11	80249402	81828601	-0.381940865831544
11	81829802	88183201	0.0441276231968885
11	88183202	92386501	0.552909992213582
11	92391602	96917401	-0.0402662435696313
11	96931202	98341801	0.0893937831971474
11	98342702	100144801	0.156869743217562
11	100146602	103584001	0.0731965137332262
11	103584002	105427801	0.00619882849651179
11	105427802	107569201	0.0181197102794793
11	107569502	109718101	0.092091958492195
11	109719002	112795801	-0.112473816989272
11	112796102	113463301	0.144389663568841
11	113463902	114969001	0.192099934981897
11	114969002	117519901	0.00383338801267406
11	117520202	117950401	0.0411032165129529
11	117957302	120003601	0.0958999586231905
11	120004802	121746601	-0.0195069148664225
11	121764602	122842801	0.077668660525857
11	122842802	123273001	-0.0243546509283106
11	123273002	123913501	0.0518247280272227
11	123918602	125209801	0.198821565888758
11	125209802	126661501	0.112399576432093
11	126661502	128197201	0.061901521371303
11	128197802	130272301	0.123892210266554
11	130275002	130842901	0.183014192931282
11	130842902	131487301	0.254601242039787
11	131487302	131973301	0.121706121716721
11	131974802	132564901	0.261960067007347
11	132574802	133091401	0.111549795641471
11	133093202	133622401	0.12845604071139
11	133622402	133919101	0.180207802587023
12	1457102	2327101	-0.0485607082073895
12	2327102	2627401	0.010951241048303
12	2627402	3414301	-0.00939197684696071
12	3414302	4217701	0.00488189277100317
12	4219202	4840201	0.0258199908193448
12	4842002	5374201	-0.0848037236361914
12	5376602	5960701	-0.0582308794578408
12	5960702	7899301	0.0972872604184061
12	7899302	8661901	0.0592899298852306
12	8661902	9058801	-0.0531674579180278
12	9058802	13325701	0.0129859090857687
12	13329302	15586201	0.143556848923188
12	15586202	22253101	0.103919884909943
12	22253102	26019301	0.137896190938585
12	26023202	30248401	0.106613202222037
12	30250502	34259101	0.277426995393364
12	34261502	38550601	0.30906470141261
12	38550602	41656201	0.206008578052517
12	41656502	43140901	0.0573456068855828
12	43140902	47197501	0.0143240629382978
12	47417702	52243501	0.162430868044979
12	52249502	53225401	0.193910928587215
12	53226602	55542301	0.262927192042966
12	55542302	60433201	0.404023450104649
12	60435602	63760201	0.313369178026327
12	63761102	66567301	0.139717258610102
12	66567602	67903201	0.212283680460301
12	67903202	71320801	0.297522543831483
12	71321702	80357101	0.29096052864362
12	80360402	84793801	0.194570794915234
12	84797102	88150201	0.168110921792026
12	88249802	97060501	0.209224482871737
12	97060802	99715201	0.0583527696335519
12	99719402	106120801	0.0917960087769756
12	106130702	108735601	0.111118761757483
12	108735902	113146201	0.0471495262913511
12	113146202	114772801	0.0871956288334286
12	114774002	117654301	0.147593451080143
12	117654302	118368601	0.0675105054123213
12	118369202	119725801	0.0779513697794826
12	119726402	124383301	0.191864632539265
12	124383302	125799901	0.00741680685652107
12	125799902	126581401	0.152821210968919
12	126590102	127803001	NA
12	127803602	128360401	0.0338286363210747
12	128361602	128799301	0.0479086910036084
12	128799302	129137101	0.131194001462405
12	129137102	129787201	0.123636258257029
12	129787202	130247401	0.18792469027808
12	130248002	130596601	0.257144974571302
12	130596902	130896901	0.177462103453841
12	130896902	131094601	0.189637537550141
12	131094902	131508301	0.0811914058777885
12	131508302	131854801	0.00790128928083833
13	20000702	22482601	-0.48766116345315
13	22482602	23086801	-0.337437463908555
13	23087702	23682301	-0.513746524721453
13	23683802	25119901	-0.501889630275059
13	25127102	25726501	-0.480733244737026
13	25726502	26360101	-0.36071971222261
13	26360102	27285901	-0.518574099018144
13	27288902	28971601	-0.41175471017189
13	28973402	30063301	-0.46718547613074
13	30063602	32178901	-0.540377182992193
13	32181602	35823001	-0.580471249941712
13	35825702	36789901	-0.475423869000605
13	36789902	37906201	-0.485136710618125
13	37906502	39546001	-0.432155883682123
13	39546002	43767901	-0.486886367229767
13	43767902	50040901	-0.558715420536054
13	50178602	54038401	-0.433394073402665
13	54039602	56762401	-0.334435365843752
13	56762702	59433301	NA
13	59433302	61469101	-0.433599001211229
13	61471802	63486301	-0.217240316038895
13	63488702	65532301	-0.236665256806813
13	65532302	66969901	-0.524232019400152
13	66970202	69402901	-0.554572487640358
13	69402902	71831401	-0.331110543331962
13	71831402	75042301	-0.564956845009983
13	75042902	77327701	-0.35262549733765
13	77327702	81387301	-0.415938999778642
13	81390302	83708401	-0.431188045620321
13	83709902	84935401	-0.357888242941553
13	84943202	86273701	-0.397829487129493
13	86274002	88665001	-0.372260009025524
13	88665002	91109701	-0.420486924826059
13	91110302	93060301	-0.362351773194235
13	93062102	97048501	-0.306402852526843
13	97049102	101707801	-0.441756225441407
13	101709602	103718401	-0.608649506591862
13	103718402	105078901	-0.290740448328377
13	105079202	106003501	-0.40929976921482
13	106005602	106681501	-0.407677502383138
13	106681802	107170801	-0.586002802929049
13	107171102	107827201	-0.34836214039069
13	107827202	108642901	-0.469359784176148
13	108642902	110784901	-0.314422839680625
13	110785202	111072001	-0.468089337338413
13	111072002	112031401	-0.0288850823696401
13	112031402	112506001	-0.0579320727680204
13	112506002	112785001	0.0994558886699178
14	21001202	22581601	0.0336260541818649
14	22581602	24305101	0.0609454465031821
14	24305702	26905501	0.0823759103627534
14	26905502	29820001	0.0668672815839662
14	29826902	33728101	0.0603358991495939
14	33729002	36357301	0.116261922649749
14	36360302	40125601	0.157713629546221
14	40125602	42379801	0.104084960892264
14	42379802	46101001	0.253799696558247
14	46103702	48079801	0.200937855915342
14	48081302	50238601	0.260204231831207
14	50238602	56631001	-0.0197155258630621
14	56633102	57573001	0.081466559629825
14	57573002	61009201	0.0474598640058175
14	61009202	63687901	0.0856968001910912
14	63691502	66261301	0.0800641994264269
14	66261302	70640101	0.0427211765519802
14	70640102	72874201	-0.143798153699492
14	72874202	76885501	0.0623629850119199
14	76889402	77958301	0.0230861060099205
14	77962202	79260001	0.0674786016896742
14	79260002	83200501	0.163466783833718
14	83201402	84685801	0.122264675615381
14	84685802	86019001	0.145225466682604
14	86019002	87810601	0.0165468508302011
14	87811502	90606001	0.15986379489674
14	90606002	93856201	0.0850870320344073
14	93856202	94355401	0.258033391240682
14	94355402	95527801	0.0934754311864833
14	95532602	97162501	0.040567823195623
14	97162502	97743601	0.191492742387543
14	97743602	98307301	0.143823107772395
14	98307302	99051901	0.25695917966063
14	99052802	99510001	0.159640102046756
14	99510602	101055901	0.0968871883931458
14	101055902	101487901	0.134428124867678
14	101487902	101881801	0.00235076744707769
14	101892302	104536501	0.0815779187277677
14	104536802	104793901	-0.0612300174546853
14	104793902	105012001	0.0336293210749636
14	105012302	105532501	0.0945099531115204
15	25005002	25953301	-0.121513416389114
15	25953302	26304901	-0.0814654640352671
15	26314802	26901001	0.0639285385521422
15	26901002	27445801	-0.0105881739541712
15	27445802	28149901	-0.0998100101876959
15	28149902	29322301	-0.0666491286606549
15	29322302	29613601	-0.221240663821777
15	29613602	31753501	-0.173673543314741
15	31755002	33230701	-0.0960733563312882
15	33231302	34718401	-0.241878576036874
15	34719002	38949901	0.00712367778544732
15	38953502	44510401	-0.16010559060981
15	44511902	48040501	-0.157000242336758
15	48044702	54614101	-0.203626808041241
15	54630602	55950901	-0.321746549250331
15	55955702	62037001	-0.0774842322727313
15	62037602	68793001	-0.128354108653881
15	68794202	73616101	-0.153078465768342
15	73616102	75273901	-0.157230717539663
15	75273902	78877501	-0.166736930697946
15	78881402	81818701	-0.175339038031142
15	81819302	83325001	-0.27727331841116
15	83325002	84177901	-0.1989048657635
15	84177902	87172201	-0.160487465684769
15	87173702	88307401	0.0025301433139474
15	88307402	88900501	-0.153755361738444
15	88900502	89563801	-0.150764335710081
15	89564702	92919901	-0.180253880541825
15	92921402	93691801	-0.148727902077002
15	93692102	93998701	-0.111058134059642
15	93998702	94594201	-0.238878709195156
15	94594202	95313001	-0.210368084491877
15	95313002	96972601	-0.111130311215673
15	96972902	97735501	-0.0278340454817579
15	97737002	98662801	-0.111990322665244
15	98664302	99090001	-0.294394989172282
15	99092402	99472801	-0.19831307595258
15	99472802	101341201	-0.173252774830257
16	1022402	1257301	-0.451146851630737
16	1257602	2905801	-0.618596578068642
16	2907002	5403901	-0.377177879770891
16	5404802	5830201	-0.461289541342239
16	5830502	6384301	-0.374393875227731
16	6384902	6936301	-0.341475639743358
16	6936302	7449301	-0.346416291689067
16	7450502	8212801	-0.429583614895236
16	8212802	9872701	-0.387872778782982
16	9873902	13044901	-0.344044901302933
16	13044902	14918101	-0.33736685812996
16	15070502	17040001	-0.5015465961461
16	17040002	17410801	-0.573427963998495
16	17412302	17933101	-0.6650913693872
16	17938202	21152101	-0.501285081469678
16	21152102	22987201	-0.421422327811535
16	22987502	24027901	-0.477035062547475
16	24028802	24456901	-0.4095170853665
16	24456902	25849501	-0.309074399750709
16	25851902	26656501	-0.36611829403189
16	26658002	27159001	-0.463113318984509
16	27159002	28257301	-0.360515090847079
16	28257302	32358901	-0.413417278992947
16	32360402	33445201	-0.30364892192253
16	33466502	34239601	-0.249611257140129
16	34240502	46451401	-0.171019583601258
16	46451402	48993001	-0.361049447527315
16	48993002	49704601	-0.557840156885497
16	49704602	50945101	-0.510300185364738
16	51084302	56056501	-0.273557365460182
16	56057102	59656501	-0.29303213502204
16	59656502	61001101	-0.392272361490415
16	61004702	62365201	-0.327770259540176
16	62365202	63752701	-0.339124439565645
16	63752702	65490301	-0.393024130586558
16	65490302	67356301	-0.462589231087473
16	67357202	73292401	-0.382939900571827
16	73292702	73749601	-0.462030254149672
16	73750202	75524101	-0.481479470732087
16	75524102	77404501	-0.389369763749536
16	77406302	79657201	-0.602311578115881
16	79657202	82720201	-0.535129479549392
16	82721702	83225701	-0.573783097956741
16	83226002	83668801	-0.418955157856537
16	83668802	84312001	-0.486824685057054
16	84313502	84640501	-0.492837429971079
16	84640502	86215501	-0.374212559145636
16	86215502	86514601	-0.402606975794461
16	86514602	86816701	-0.492282005071933
16	86816702	87069001	-0.547382848975694
16	87069002	87710401	-0.488780501751274
16	87710402	88347001	-0.315555199361993
16	88347002	88978801	-0.680765381146675
16	88978802	89275501	-0.565213883878542
17	1000202	2630701	-0.466097929072062
17	2630702	3016501	NA
17	3016502	5038201	-0.483064706944958
17	5038202	6106801	-0.338883899912958
17	6107402	7691701	-0.446717482418134
17	7692002	9710401	-0.430490468376798
17	9710702	10010101	-0.512674113854692
17	10010102	10413601	-0.493062815532004
17	10417202	11366101	-0.350108999128277
17	11366102	12136201	-0.337370631587564
17	12136502	12826801	-0.406181193866928
17	12837002	14897401	-0.34116384217708
17	14897402	19898101	-0.359727817058468
17	19898102	20615101	-0.732102362709216
17	20615402	21405601	-0.523611660456568
17	21405902	25756801	-0.296432476652533
17	25756802	31577401	0.196029429784483
17	31579202	32269201	0.183676006762074
17	32269802	33120301	-0.154646704363939
17	33126602	35092801	0.015135503576552
17	35095502	38931301	0.126081240674323
17	38931302	39670501	0.0740039501196397
17	39671402	42729901	0.0785608673907091
17	42730502	43936501	-0.0762944714382246
17	43936502	46736101	0.0456089407734307
17	46736102	48653101	0.154388445572679
17	48654602	51556801	0.128082318026185
17	51558302	54601501	0.0926122012080434
17	54601802	57930901	0.0896403134249135
17	58054802	60900601	0.198648088553413
17	60901202	61557901	-0.165433768830361
17	61558502	66531001	0.141857699136097
17	66578102	68434201	0.128556200504811
17	68439602	71416501	0.0566858524306105
17	71416802	71723401	0.0635593564622638
17	71723402	72246901	0.180973790653746
17	72246902	72651601	-0.0399996627351051
17	72651602	74896801	0.039047424756424
17	74896802	75552301	0.0018999101747206
17	75552302	75792301	-0.0246878280095868
17	75792302	76482601	0.173287124481684
17	76482602	76887301	0.0522961840663297
17	76887902	77198701	0.235505839108844
17	77198702	77419501	0.0776578105251331
17	77419502	78499201	0.18343515712415
18	1003802	3910501	-0.0670568433075546
18	3910502	4882801	0.121808167178919
18	4882802	5827801	0.114878240658603
18	5828102	7109101	0.135580673413662
18	7109102	7428601	-0.0335122580343664
18	7428602	10140301	0.148774600287474
18	10141502	10636801	-0.0429505325622936
18	10637102	11707501	0.077158547787937
18	11710502	13918801	0.0746035837138241
18	13918802	15122701	0.150336176103968
18	15125102	22542601	0.143936716123147
18	22547402	23239201	0.0406171645309572
18	23239202	25117201	0.0314419572932755
18	25117802	27370501	NA
18	27370502	30454201	0.263381254170319
18	30456602	35014501	0.0968688709360037
18	35014502	36287101	0.201839456975045
18	36288302	38346001	0.188595803199999
18	38346002	41168701	0.130321492579955
18	41168702	44225701	0.075032933790176
18	44225702	49530001	0.178533980934233
18	49530002	51319501	0.28048468942092
18	51330902	53331901	-0.0654791014166866
18	53331902	57179101	0.0577947820933746
18	57180002	57678001	0.041159850912812
18	57678002	58741501	0.118624436696463
18	58743602	62306701	0.0251484906397587
18	62308802	63542401	0.149075081241796
18	63542702	65626801	0.187391065926371
18	65626802	67415701	0.18516267889921
18	67416602	69112801	0.31319354848093
18	69126902	70343101	0.280382763707391
18	70343102	71424301	0.147407994027238
18	71424302	72870601	0.135077177332682
18	72871802	73424401	0.0988362235064256
18	73424402	73858801	0.0755152817189406
18	73858802	74465401	0.00400930903769274
18	74465402	75214501	0.184868149433837
18	75215102	75602701	0.163799849647666
18	75603002	75973201	0.234715765262559
18	75973502	76244101	0.172636911617718
18	76244102	76450501	NA
18	76451102	76654201	0.121625183137341
18	76654202	77191801	0.111064616038069
18	77191802	77352301	0.0072072051994264
19	1002002	3265201	-0.0299863122858405
19	3265502	5204101	-0.0223278887895785
19	5205002	5736601	-0.0398819520551308
19	5736602	6893401	-0.0455175564609232
19	6894902	8799001	0.00235762168468864
19	8799002	9289501	-0.133989754523772
19	9289802	13441501	0.0008227042856916
19	13441502	13821001	-0.0547480307268073
19	13821602	14877001	-0.0493469899899939
19	14877302	15293401	-0.111124501818999
19	15294302	17496601	0.0631149583542901
19	17498102	18086401	-0.0237197177641356
19	18086402	20464501	-0.00197686662184981
19	20464502	22566001	-0.0724234838281581
19	22566602	23340901	-0.0263488327434617
19	23341202	29127901	0.118230326304975
19	29127902	29859601	-0.0602873119564393
19	29859602	30552601	-0.0406332639153597
19	30552602	30893401	-0.074885474163018
19	30893402	31231801	-0.113091065138989
19	31232102	31729201	0.0328559636467641
19	31729202	32055901	-0.124357838082989
19	32056802	32536201	-0.0536206649817038
19	32536502	34035901	-0.0299577815897603
19	34035902	34443601	-0.149955545819287
19	34443602	36352501	0.10544962059662
19	36353102	38986501	-0.0639255175629543
19	38986502	41024701	-0.0521513442168282
19	41024702	42479701	0.0713136554199015
19	42479702	43524301	0.0204377772430695
19	43528502	46252801	0.171046778535098
19	46252802	47002801	-0.0383037287031514
19	47003102	48815101	0.176121704543401
19	48819002	50971201	0.216459156824571
19	50971202	51347101	0.0691910274512096
19	51349202	51764701	0.0739430931691809
19	51765602	52416301	0.128283439208206
19	52418102	53813701	0.178666657779538
19	53814302	54368401	0.0352912818405026
19	54388202	54808201	0.114674379041841
19	54810002	55123501	0.163947672978201
19	55124102	55470901	0.105883977805695
19	55471802	56279101	0.105058590342864
19	56280002	56715301	0.0447736156139588
19	56715302	57627901	0.149613808102829
20	1001102	2683201	0.140126202827378
20	2683802	4603801	0.0941769965374847
20	4603802	8942101	0.108916077248374
20	8942102	11110801	0.0117780306612479
20	11112002	12735301	0.149145735376215
20	12735602	17426401	0.18293388216656
20	17426402	19209301	0.0781552841346806
20	19210502	20219401	0.0462987903825732
20	20220002	21870301	0.0982363967339302
20	21875702	23079301	0.175853408960224
20	23079302	23974801	0.207334955218229
20	23975102	24594001	0.0586887801517527
20	24594302	26158201	0.0177388877029847
20	26158202	30624001	0.115744593506276
20	30631802	34965301	0.163439242381653
20	34966502	38121901	0.151486187926975
20	38125202	40710601	0.115410254457074
20	40713002	41486101	0.0972369704839327
20	41486702	42069301	0.108210333951452
20	42069302	44193301	0.0631063511405853
20	44195102	45494101	-0.0655237159970798
20	45494102	46490401	0.113669864454902
20	46491602	46790701	-0.00317605913173548
20	46790702	47169001	-0.131766651163138
20	47169302	49805401	0.152303067492095
20	49805402	53002501	0.0984865852051637
20	53003402	53865301	0.130958896134895
20	53866502	55237801	0.0499721035549696
20	55237802	55639501	0.0603526529617524
20	55639802	56059501	0.0947896659573162
20	56065802	56400001	0.0627057485993156
20	56400002	56745901	0.0233437033127471
20	56745902	57384301	0.0786842542384669
20	57384302	57917401	0.0466048898568852
20	57917402	58208101	-0.0103747180741523
20	58208102	58875001	NA
20	58875002	59326201	-0.0864270219512878
20	59326802	59698201	0.132600642092611
20	59698502	59913601	0.0256987164436016
20	59915102	60116701	0.0285669004411623
20	60117302	60273301	0.122642785383322
20	60273302	60419701	0.0147670048459277
21	16001702	20193301	-0.00663566166449258
21	20195102	21594001	0.0189097985402906
21	21594002	22584601	-0.0530171724196977
21	22584902	24763501	0.127968273622262
21	24768902	25877701	0.010363665959305
21	25879802	27584701	-0.0884715982158882
21	27584702	28757101	-0.282982994871096
21	28757102	31545001	0.0349429747243826
21	31545002	32487301	-0.153517596575829
21	32487302	34334401	-0.275240441775771
21	34338302	36666901	-0.233735380931414
21	36666902	39338101	-0.261348611261416
21	39338102	40939801	-0.360935131397051
21	40940702	41414701	-0.164238845131738
21	41415602	42090601	-0.21675244083226
21	42091202	42603301	-0.307975410029016
21	42603302	43862401	-0.224956475929317
21	43863002	46009501	-0.23343826490224
21	46009502	46804501	-0.262354895117099
21	46804802	47247001	-0.285644470646091
21	47247002	47479201	-0.218981680470404
22	22095002	23823601	-0.0960595321519511
22	23823602	26625301	-0.199118749326125
22	26625602	27635701	0.0192355378643362
22	27638702	32510401	-0.0655245062096425
22	32514902	35045401	-0.197335619012052
22	35046302	37006801	0.0676877977310757
22	37007402	38421601	0.0819087353304599
22	38421602	40026901	-0.00442215718773731
22	40027802	43283401	-0.0516710279485798
22	43301102	44701801	-0.0350503831448983
22	44701802	44943001	-0.190746330292577
22	44943902	45259501	-0.159924831394306
22	45259502	45432001	-0.0961977819440215
22	45432002	46353001	0.016234120580116
22	46353002	47750401	-0.0115444995552136
22	47750402	48301201	-0.145584896244854
22	48301802	48583801	-0.196074675063716
22	48583802	48832801	-0.0821461202600104
22	48833102	49012201	NA
22	49012202	49147201	-0.0542628138806077
22	49147202	49336501	-0.0397137544125736
22	49336502	49514701	-0.152313911154401
22	49516802	49721701	-0.148590749783695
22	49721702	49900201	-0.115718299289869
